#ascii_path: /eos/project/c/crystal-ferrara/public/OREO/TB-DATA/TB_H8_2026_03_OREO/asciidir/
ascii_path: /home/pfedeli/BeamTests/OREO_2026_03_H8/mntdaq/
root_path: /eos/project/c/crystal-ferrara/public/OREO/TB-DATA/TB_H8_2026_03_OREO/rootdir/
reco_root_path: /eos/project/c/crystal-ferrara/public/OREO/TB-DATA/TB_H8_2026_03_OREO/recorootdir/
nTele: 4
nStrip: true
nClu: true
nDigi: 24
nGonio: 5
Spillnumber: true
Motorstepnumber: true
eventnumber: true

z12: 345
z2c: 21
x1corr: 4.756
x2corr: 4.975
x3corr: 6.003
x4corr: 5.666
thetax_in_corr: 0
thetay_in_corr: 0

calib_m_up: 1
calib_q_up: 0
calib_m_down: 1
calib_q_down: 0
lg_calib_m: 1
lg_calib_q: 0
eq_up_down: 1 
eq0: 1
eq1: 1
eq2: 1
eq3: 1
eq4: 1
eq5: 1
eq6: 1.0781176
eq7: 0.85999802
eq8: 0.90091211
eq9: 1.3587194
eq10: 1.0239374
eq11: 0.99770432
eq12: 0.93783043
eq13: 0.88815319
eq14: 1.1203919
eq15: 1.0995694
eq16: 0.97668449
eq17: 1.0364748
eq18: 1.2067715
eq19: 1.0744712
eq20: 1.2028004
eq21: 0.85611280
eq22: 0.88237244
eq23: 0.82661523